[Logo.jpg]
filters=finetune2=1,0.000000,0.000000,0.480000,00000000,0.000000;crop64=1,311169019fddd2b9;autocolor=1;autolight=1;enhance=1;bw=1;sepia=1;bw=1;crop64=1,40cd36489333d5ce;
crop=rect64(40cd36489333d5ce)
moddate=30b60f15d938d001
width=1920
height=1080
text=1;149;11;Real Estate;Edwardian Script ITC;0.280384,0.693480,0.110123,0.000000;v1,4293454056,4289790009,128.000000,1.000000,0.018692,1.000000,700,256,49160;;
textactive=1
